19278002
19300003
19308006
19328008
19338003
19358007
19358018
19368015
19378007
19378023
19380009
19388005
19388012
19398001
19398005
19398015
19408005
19408011
19418007
19418009
19420001
19428001
19428006
19428007
19428012
19428015
19438005
19438006
19438010
19448003
19448005
19450011
19458005
19458008
19468008
19468011
19468015
19478010
19478012
19480014
19488002
19488003
19488007
19488009
19488031
19498007
19508004
19508006
19508011
19518001
19518005
19518011
19518015
19518016
19520011
19528001
19528002
19528008
19528014
19530005
19538007
19538008
19538009
19538014
19538016
19538019
19538021
19538023
19540024
19540028
19548002
19548004
19548009
19548011
19548012
19548013
19548014
19548015
19548016
19548017
19548018
19548020
19548035
19550028
19558004
19558005
19558011
19558020
19558022
19558023
19558026
19558030
19558050
19560001
19560023
19568002
19568004
19568005
19568011
19568013
19568017
19568019
19568033
19568053
19578006
19578007
19578009
19578010
19578011
19578015
19578024
19578027
19580020
19580038
19580061
19580069
19580073
19588001
19588003
19588005
19588006
19588009
19588012
19588024
19588026
19590001
19590006
19598007
19598009
19598012
19598015
19598020
19598021
19598022
19598024
19598036
19598040
19598043
19598050
19600003
19600017
19600018
19600045
19600050
19600051
19600060
19600099
19608004
19608012
19608013
19608020
19608021
19608024
19608043
19608048
19610001
19610051
19618001
19618003
19618005
19618009
19618013
19618014
19618020
19618028
19620056
19628006
19628008
19628012
19628013
19628015
19628019
19628024
19628026
19628028
19628030
19628032
19628055
19630015
19630072
19638008
19638016
19638021
19640025
19648012
19648019
19648033
19648074
19648075
19650001
19650018
19658031
19658035
19660041
19668013
19670007
19678038
19678057
19678075
19678097
19688044
19688097
19688114
19688115
19698020
19698021
19698042
19698052
19698088
19698128
19700035
19708040
19708069
19708104
19710022
19710073
19710075
19710080
19710232
19718152
19718198
19718273
19720003
19720009
19720034
19720061
19720109
19720151
19720152
19728042
19728081
19728178
19730010
19730023
19730092
19730122
19730154
19730184
19738070
19738119
19740037
19740137
19748089
19748151
19748175
19748218
19750002
19750018
19750021
19750028
19750037
19750082
19750091
19750141
19750155
19760001
19760004
19760026
19760091
19768232
19770003
19770051
19770055
19770058
19770076
19770081
19770088
19770092
19770100
19770107
19770109
19770111
19778176
19779010
19780002
19780033
19780038
19780054
19780066
19780073
19780079
19780093
19788022
19788190
19789099
19790004
19790005
19790012
19790014
19790023
19790024
19790038
19790046
19790050
19790055
19790068
19790078
19790082
19790104
19790105
19790108
19790110
19798133
19798135
19799055
19800015
19800019
19800035
19800040
19800047
19800049
19800059
19800068
19808057
19808231
19810007
19810021
19810030
19810031
19810057
19810070
19810073
19818004
19819019
19820008
19820019
19820047
19820052
19820068
19820100
19820110
19820112
19830012
19830017
19830047
19830087
19830089
19830115
19838214
19840010
19840015
19840018
19840044
19840056
19848035
19850024
19850051
19850053
19850062
19850074
19850104
19860007
19860024
19860029
19860125
19860130
19860133
19868174
19868175
19869056
19869057
19870056
19870089
19870093
19870108
19870114
19870148
19878294
19880011
19880017
19880070
19880096
19880104
19880106
19880150
19880159
19880203
19880210
19880213
19880227
19888010
19890122
19890136
19890174
19890188
19890252
19890260
19890291
19900023
19900037
19900042
19900087
19900118
19900139
19900169
19900204
19900237
19900246
19900335
19910026
19910067
19910094
19910095
19910242
19918269
19920047
19920091
19920142
19920222
19920231
19920296
19920315
19920394
19930004
19930013
19930014
19930025
19930080
19930087
19930125
19930176
19930225
19930253
19930396
19940034
19940063
19940154
19940256
19940343
19940433
19948816
19950022
19950037
19950040
19950084
19950095
19950148
19950220
19950228
19950325
19950327
19958426
19960010
19960015
19960059
19960065
19960083
19960085
19960091
19960107
19960115
19960126
19960177
19960325
19960357
19968109
19968258
19968735
19970007
19970014
19970018
19970019
19970022
19970027
19970033
19970089
19970099
19970103
19970299
19970321
19978252
19980009
19980022
19980036
19980044
19980048
19980070
19980074
19980089
19980148
19980230
19988647
19990050
19990053
19990069
19990070
19990077
19990101
19990140
19990191
19990193
19990216
19990225
19990248
19990268
19990303
19991189
19998259
19998583
19998810
20000006
20000011
20000017
20000024
20000029
20000044
20000059
20000067
20000089
20000100
20000228
20001428
20008343
20009175
20010007
20010013
20010029
20010036
20010037
20010047
20010057
20010061
20010096
20010130
20010152
20010238
20010264
20010292
20011456
20018881
20018972
20020013
20020053
20020061
20020065
20020074
20020080
20020106
20020168
20020186
20020223
20020226
20020313
20020328
20021338
20028642
20028910
20030003
20030009
20030010
20030028
20030033
20030043
20030046
20030047
20030060
20030072
20030108
20030127
20030142
20030154
20030272
20030328
20030350
20030399
20030401
20030404
20031084
20040484
20040487
20040520
20040525
20040526
20040549
20040642
20040666
20040671
20040688
20040689
20040703
20040721
20040725
20040734
20040740
20040756
20040797
20040798
20040800
20041117
20041524
20048275
20048799
20050009
20050017
20050020
20050028
20050038
20050052
20050082
20050106
20050135
20050148
20050168
20050216
20050236
20050239
20050245
20050250
20050265
20050284
20050303
20050324
20050328
20050333
20050347
20058701
20058720
20058765
20058808
20058924
20060022
20060031
20060033
20060040
20060061
20060069
20060082
20060105
20060127
20060151
20060170
20060201
20060204
20060228
20060261
20060264
20060267
20060273
20060277
20060303
20060314
20060341
20060365
20060366
20060380
20060402
20060436
20060474
20060536
20061233
20061274
20068576
20068590
20068609
20068659
20068730
20068788
20070008
20070040
20070053
20070054
20070068
20070083
20070098
20070099
20070115
20070122
20070135
20070147
20070157
20070168
20070174
20070185
20070202
20070216
20070252
20070293
20070396
20070400
20070422
20070450
20070454
20070458
20070481
20070482
20070486
20070493
20070511
20070522
20070552
20070582
20070588
20070687
20070695
20071016
20071018
20071021
20071054
20071066
20072065
20072067
20072122
20072141
20072171
20072685
20072686
20078599
20078700
20078769
20078845
20080017
20080043
20080053
20080065
20080071
20080098
20080184
20080197
20080215
20080222
20080227
20080238
20080239
20080243
20080244
20080246
20080247
20080250
20080259
20080266
20080268
20080269
20080305
20080306
20080314
20080328
20080400
20080450
20080505
20080507
20080511
20080513
20080576
20080589
20080591
20080605
20080611
20080677
20080688
20080690
20080693
20080695
20080696
20080697
20080698
20080699
20080741
20080778
20080814
20080846
20080852
20080893
20080901
20080904
20080975
20080983
20080984
20081002
20081003
20081006
20081034
20081056
20081065
20081066
20081067
20081068
20081069
20081087
20081136
20081146
20081169
20081171
20081193
20081209
20081287
20081331
20081338
20081340
20081374
20081375
20081377
20081391
20081445
20081454
20081462
20081482
20081510
20081512
20081555
20081612
20081646
20081654
20081662
20081682
20081727
20081740
20081751
20081818
20088318
20088379
20088397
20088457
20088506
20088550
20088691
20088785
20088973
20090035
20090037
20090060
20090065
20090075
20090076
20090105
20090161
20090179
20090188
20090235
20090248
20090255
20090261
20090263
20090292
20090295
20090317
20090328
20090336
20090340
20090400
20090425
20090434
20090481
20090487
20090490
20090557
20090564
20090588
20090610
20090623
20090654
20090664
20090667
20090672
20090683
20090718
20090728
20090733
20090739
20090754
20090758
20090783
20090785
20090786
20090796
20090811
20090839
20090840
20090842
20090852
20090856
20090862
20090868
20090912
20090922
20090927
20090928
20090942
20090946
20098164
20098169
20098183
20098234
20098316
20098352
20098360
20098561
20098575
20098728
20098913
20100001
20100019
20100030
20100034
20100040
20100043
20100046
20100049
20100052
20100053
20100055
20100059
20100061
20100076
20100124
20100130
20100141
20100157
20100158
20100180
20100190
20100191
20100199
20100202
20100211
20100213
20100214
20100215
20100216
20100220
20100222
20100259
20100261
20100264
20100265
20100266
20100268
20100281
20100302
20100332
20100344
20100359
20100368
20100369
20100466
20100477
20100509
20100510
20100511
20100513
20100514
20100517
20100551
20100566
20100575
20100576
20100584
20100586
20100652
20100657
20100658
20100661
20100662
20100669
20100684
20100692
20100712
20100752
20100772
20100774
20100787
20100793
20100809
20100810
20100825
20100826
20100830
20100854
20100900
20100962
20100987
20101003
20101010
20101012
20101017
20101018
20101020
20101021
20101023
20101027
20101028
20101044
20101047
20101067
20101071
20101073
20101101
20101110
20101111
20101122
20101123
20101125
20101128
20101130
20101131
20101138
20101178
20101180
20101189
20101190
20101191
20101193
20101195
20101198
20101200
20101205
20101208
20101209
20101211
20101212
20101213
20101218
20101221
20101222
20101223
20101224
20101225
20101226
20101227
20101229
20101232
20101233
20101236
20101237
20101240
20101241
20101242
20101243
20101244
20101245
20101247
20101249
20101259
20101265
20101274
20101275
20101277
20101278
20101279
20101281
20101323
20101327
20101338
20101339
20101343
20101344
20101345
20101346
20101347
20101348
20101352
20101365
20101371
20101375
20101377
20101378
20101379
20101380
20101381
20101390
20101391
20101392
20101395
20101396
20101399
20101400
20101406
20101408
20101409
20101410
20101411
20101412
20101413
20101414
20101434
20102412
20102413
20102414
20102415
20102416
20102417
20102418
20102419
20102420
20102421
20102422
20108090
20108129
20108486
20108509
20108723
20108880
20108884
20108894
20108907
20108944
20109031
20110002
20110003
20110004
20110014
20110015
20110018
20110020
20110023
20110024
20110025
20110026
20110027
20110029
20110030
20110031
20110063
20110071
20110081
20110087
20110089
20110102
20110131
20110151
20110162
20110171
20110172
20110182
20110183
20110184
20110185
20110191
20110192
20110193
20110194
20110202
20110203
20110206
20110211
20110221
20110231
20110233
20110235
20110236
20110237
20110238
20110239
20110249
20110250
20110251
20110252
20110253
20110254
20110255
20110261
20110262
20110275
20110278
20110279
20110285
20110289
20110290
20110292
20110293
20110294
20110295
20110296
20110297
20110301
20110302
20110303
20110310
20110311
20110312
20110313
20110314
20110322
20110340
20110343
20110354
20110360
20110370
20110374
20110388
20110436
20110439
20110487
20110488
20110490
20110494
20110501
20110502
20110511
20110513
20110514
20110519
20110524
20110561
20110571
20110575
20110576
20110577
20110578
20110579
20110580
20110581
20110582
20110584
20110585
20110587
20110592
20110593
20110594
20110598
20110601
20110602
20110603
20110607
20110608
20110609
20110612
20110613
20110615
20110616
20110648
20110655
20110656
20110657
20110659
20110660
20110661
20110662
20110663
20110670
20110721
20110734
20110736
20110737
20110749
20110778
20110779
20110791
20110798
20110823
20110825
20110826
20110827
20110829
20110830
20110841
20110842
20110843
20110844
20110845
20110846
20110847
20110848
20110849
20110851
20110854
20110858
20110861
20110865
20110871
20110875
20110876
20110879
20110880
20110881
20110882
20110892
20110893
20110894
20110895
20110896
20110897
20110899
20110900
20110902
20110903
20110904
20110905
20110906
20110911
20110912
20110913
20110917
20110921
20110937
20110939
20110951
20110971
20110985
20110986
20110988
20111003
20111004
20111009
20111021
20111027
20111028
20111031
20111034
20111053
20111060
20111070
20111074
20111083
20111087
20111089
20111101
20111102
20111113
20111114
20111116
20111193
20111194
20111197
20111199
20111200
20111201
20111202
20111203
20111206
20111216
20111224
20111245
20111248
20111249
20111250
20111251
20111253
20111254
20111255
20111256
20111257
20111259
20111260
20111261
20111266
20111270
20111295
20111330
20111331
20111350
20111351
20111378
20111381
20111392
20111399
20111409
20111416
20111418
20111461
20111468
20111469
20111486
20111488
20111490
20111491
20111532
20111533
20111535
20111536
20111539
20111540
20111541
20111562
20111564
20111571
20111586
20111629
20111631
20111634
20111636
20111637
20111671
20111686
20111692
20111695
20111702
20111757
20111774
20111783
20111825
20111826
20111869
20111874
20111879
20111881
20111891
20111892
20111893
20111898
20111899
20111911
20111914
20111926
20111927
20111928
20111932
20111941
20111957
20111958
20111961
20111971
20111973
20111987
20112002
20112018
20112019
20112020
20112031
20112033
20112037
20112049
20112050
20112059
20112071
20112082
20112117
20112121
20112132
20112134
20112141
20112142
20112151
20112153
20112163
20112172
20112173
20112175
20112176
20112181
20112205
20112206
20112207
20112208
20112209
20112212
20112221
20112222
20112232
20112272
20112303
20112311
20112314
20112316
20112331
20112335
20112337
20112339
20112341
20112342
20112344
20112347
20112373
20112443
20112457
20112459
20112464
20112465
20112482
20112501
20112517
20112534
20112541
20112542
20112552
20112553
20112561
20112589
20112591
20112604
20112611
20112612
20112621
20112622
20112632
20112636
20112641
20112651
20112671
20112683
20112690
20112692
20112693
20112695
20112701
20112702
20112703
20112704
20112705
20112707
20112708
20112709
20112714
20112715
20112728
20112741
20112742
20112743
20112751
20112753
20112762
20112763
20112764
20112765
20112766
20112767
20112768
20112771
20112772
20112773
20112774
20112775
20112776
20112777
20112781
20112791
20112793
20112795
20112797
20112801
20112802
20112804
20112808
20112809
20112814
20112816
20112821
20112822
20112823
20112824
20112827
20112828
20112841
20112842
20112861
20112863
20112872
20112873
20112875
20112876
20112877
20112878
20112879
20112880
20112882
20112884
20112891
20112902
20112911
20112921
20112931
20112932
20112933
20112934
20112936
20112939
20112940
20112945
20112971
20112972
20112973
20113001
20113083
20113092
20113105
20113151
20113155
20113156
20113201
20113231
20113247
20113260
20113262
20113271
20113272
20113306
20113307
20113308
20113309
20113311
20113312
20113322
20113326
20113333
20113361
20113362
20113381
20113391
20113411
20113421
20113461
20113471
20113472
20113473
20113481
20113482
20113483
20113484
20113485
20113486
20113487
20113491
20113492
20113501
20113502
20113532
20113533
20113534
20113535
20113536
20113538
20113553
20113554
20113556
20113557
20113558
20113565
20113567
20113568
20113571
20113577
20113591
20113627
20113628
20113629
20113631
20113634
20113636
20113643
20113652
20113653
20113654
20113655
20113656
20113664
20113671
20113711
20113714
20113721
20113722
20113723
20113741
20113742
20113743
20113745
20113797
20113805
20113811
20113821
20113822
20113824
20113835
20113836
20113847
20113852
20113862
20113877
20113881
20113883
20113885
20113886
20113887
20113889
20113890
20113892
20113911
20113912
20113914
20113916
20113917
20113918
20113920
20113951
20113972
20113974
20113975
20113981
20113982
20113991
20114793
20116037
20116038
20116046
20116048
20116061
20116121
20119126
20119129
20119137
20119138
20119155
20119159
20119196
20119207
20119244
20119245
20119277
20119295
20119296
20119307
20119308
20119309
20119317
20119337
20119341
20119358
20119397
20119417
20119418
20119419
20119420
20119421
20119424
20119427
20119429
20119430
20119432
20119433
20119436
20119437
20119443
20119470
20119473
20119480
20119486
20119501
20119502
20119507
20119508
20119509
20119511
20119513
20119515
20119516
20119517
20119527
20119529
20119542
20119543
20119550
20119555
20119556
20119577
20119585
20119587
20119588
20119589
20119590
20119597
20119598
20119599
20119600
20119601
20119617
20119618
20119619
20119627
20119628
20119630
20119637
20119659
20119660
20119667
20119668
20119687
20119688
20119707
20119717
20119718
20119719
20119720
20119721
20119753
20119767
20119768
20119769
20119770
20119771
20119772
20119793
20119802
20119806
20119807
20119821
20119827
20119829
20119831
20119836
20119837
20119848
20119850
20119851
20119852
20119854
20119855
20119856
20119858
20119859
20119868
20119869
20119870
20119871
20119872
20119878
20119888
20119890
20119891
20119892
20119896
20119907
20119927
20119947
20119950
20119951
20119955
20119958
20119959
20119960
20119961
20119963
20119966
20119967
20119970
20119971
20119972
20119974
20119981
20119982
20119989
20119990
20119991
20119997
20119999
20120002
20120021
20120022
20120025
20120083
20120101
20120102
20120103
20120104
20120105
20120106
20120107
20120108
20120109
20120110
20120111
20120112
20120127
20120132
20120137
20120152
20120169
20120181
20120182
20120221
20120261
20120281
20120321
20120342
20120362
20120363
20120364
20120381
20120383
20120401
20120421
20120422
20120424
20120425
20120426
20120428
20120429
20120430
20120464
20120465
20120467
20120541
20120561
20120562
20120604
20120661
20120663
20120684
20120703
20120726
20120738
20120753
20120795
20120801
20120802
20120841
20120844
20120893
20120913
20120941
20120942
20120943
20120970
20121035
20121040
20121065
20121068
20121072
20121079
20121086
20121093
20121094
20121095
20121097
20121098
20121125
20121131
20121148
20121149
20121150
20121152
20121153
20121155
20121156
20121157
20121160
20121161
20121222
20121223
20121241
20121244
20121281
20121380
20121387
20121395
20121396
20121397
20121406
20121407
20121421
20121454
20121455
20121464
20121512
20121549
20121550
20121602
20121611
20121621
20121622
20121624
20121627
20121628
20121641
20121645
20121661
20121683
20121721
20121730
20121731
20121732
20121741
20121783
20121785
20121821
20121823
20121827
20121861
20121862
20121864
20121901
20121923
20121995
20122005
20122021
20122026
20122027
20122063
20122064
20122066
20122068
20122076
20122080
20122083
20122089
20122101
20122121
20122122
20122123
20122124
20122125
20122130
20122132
20122192
20122201
20122221
20122222
20122223
20122224
20122225
20122226
20122227
20122228
20122229
20122230
20122231
20122232
20122233
20122375
20122464
20122466
20122523
20122541
20122543
20122568
20122574
20122576
20122581
20122582
20122625
20122654
20122681
20122702
20122761
20122781
20122782
20122783
20122784
20122785
20122786
20122787
20122801
20122803
20122832
20122843
20122861
20122865
20122882
20122901
20122908
20123004
20123014
20123041
20123066
20123082
20123155
20123161
20123201
20123202
20123217
20123221
20123247
20123301
20123329
20123333
20123344
20123363
20123365
20123381
20123383
20123384
20123386
20123387
20123388
20123421
20123422
20123483
20123484
20123500
20123501
20123521
20123581
20123602
20123603
20123629
20123641
20123644
20123662
20123664
20123681
20123741
20123781
20123821
20124011
20124013
20124014
20124021
20124023
20124024
20124025
20124031
20124032
20124034
20124039
20124043
20124044
20124045
20124046
20124047
20124048
20124049
20124050
20124051
20124052
20124054
20124055
20124057
20124058
20124059
20124060
20124061
20124062
20124063
20124064
20124065
20124066
20124067
20124069
20124070
20124074
20124075
20124079
20124080
20124082
20124083
20124086
20124094
20124095
20124096
20124098
20124099
20124105
20124114
20124127
20124134
20124135
20124136
20124138
20124142
20124166
20124167
20124186
20124204
20124247
20124250
20124336
20124346
20124348
20124349
20124350
20124356
20124360
20124362
20124365
20124366
20124367
20124370
20124372
20124373
20124381
20124398
20124399
20124400
20124401
20124402
20124420
20124427
20124449
20124454
20124466
20124467
20124469
20124530
20124547
20124551
20124552
20124555
20124568
20124587
20124609
20124629
20124633
20124635
20124638
20124666
20124668
20124675
20124706
20124709
20124717
20124718
20124719
20124721
20124725
20124726
20124738
20124741
20124746
20124808
20124867
20124872
20124873
20124874
20124906
20124907
20124917
20124927
20124929
20124932
20124933
20124934
20124935
20124936
20124937
20124938
20124939
20124941
20124942
20124943
20124944
20124946
20124947
20124951
20124989
20124990
20124995
20124998
20124999
20125000
20125001
20125002
20125004
20125005
20125006
20125026
20125046
20125048
20125066
20125086
20125106
20125126
20125146
20125206
20125208
20125209
20125228
20125231
20125232
20125233
20125246
20125247
20125266
20125267
20125268
20125286
20125289
20125306
20125307
20125310
20125311
20125316
20125319
20125333
20125335
20125338
20125343
20125346
20125406
20125426
20125427
20125428
20125430
20125431
20125446
20125467
20125486
20125508
20125510
20125526
20125527
20125567
20125607
20125646
20125647
20125648
20125649
20125686
20125706
20125726
20125746
20125766
20125806
20125807
20125827
20125866
20125886
20125907
20125909
20125912
20125915
20125916
20125920
20125929
20125931
20125933
20125967
20125968
20125989
20125990
20125997
20125998
20126001
20126003
20126004
20126005
20126008
20126010
20126011
20126012
20126026
20126027
20126070
20126072
20126077
20126087
20126088
20126089
20126090
20126091
20126126
20126128
20126130
20126132
20126140
20126141
20126143
20126146
20126166
20126167
20126205
20126212
20126243
20126244
20126246
20126247
20126252
20126253
20126283
20126306
20126327
20126328
20126329
20126331
20126333
20126386
20126388
20126406
20126407
20126408
20126409
20126410
20126413
20126428
20126446
20126448
20126469
20126470
20126506
20126507
20126508
20126509
20126511
20126528
20126530
20126531
20126535
20126537
20126539
20126540
20126543
20126544
20126545
20126546
20126547
20126566
20126567
20126573
20126575
20126580
20126581
20126583
20126588
20126590
20126591
20126593
20126611
20126615
20126617
20126619
20126621
20126622
20126623
20126624
20126625
20126626
20126627
20126667
20126668
20126669
20126671
20126672
20126673
20126674
20126686
20126745
20127046
20127086
20127106
20127108
20127146
20127148
20127173
20127176
20127181
20127183
20127184
20127185
20127187
20127189
20127190
20127191
20127194
20127201
20127211
20127216
20127229
20127231
20127233
20127236
20127238
20127266
20127306
20127386
20127387
20127401
20127406
20127407
20127427
20127446
20127466
20127467
20127494
20127508
20127509
20127526
20127546
20127566
20127568
20127587
20127589
20127593
20127594
20127595
20127597
20127627
20127628
20127629
20127630
20127631
20127633
20127634
20127667
20127706
20127726
20127799
20127887
20127915
20128001
20128058
20128079
20128117
20128143
20128147
20128148
20128149
20128247
20128266
20128269
20128270
20128271
20128272
20128274
20128306
20128310
20128311
20128386
20128407
20128447
20128466
20128469
20128474
20128487
20128506
20128527
20128530
20128531
20128546
20128548
20128549
20128566
20128588
20128590
20128606
20128609
20128610
20128626
20128629
20128632
20128668
20128669
20128687
20128688
20128690
20128691
20128694
20128707
20128726
20128727
20128746
20128747
20128812
20128828
20128832
20128866
20128886
20128887
20128976
20128977
20129026
20129027
20129035
20129036
20129046
20129074
20129076
20129079
20129086
20129087
20129089
20129092
20129099
20129105
20129108
20129114
20129115
20129116
20129117
20129146
20129150
20129155
20129156
20129166
20129211
20129213
20129227
20129260
20129262
20129286
20129327
20129330
20129332
20129341
20129342
20129368
20129370
20129386
20129387
20129388
20129407
20129446
20129467
20129469
20129477
20129480
20129490
20129511
20129515
20129537
20129541
20129546
20129588
20129606
20129626
20129633
20129636
20129647
20129650
20129691
20129694
20129707
20129713
20129726
20129727
20129766
20129786
20129787
20129788
20129789
20129790
20129806
20129827
20129836
20129866
20129886
20129913
20129917
20129918
20129920
20129924
20129931
20129935
20129941
20129944
20129945
20129946
20129947
20129948
20129962
20129986
20129991
20129992
20129993
20129994
20129995
20129996
20129999
20130021
20130041
20130042
20130089
20130160
20130170
20130184
20130187
20130217
20130241
20130243
20130244
20130248
20130250
20130251
20130252
20130254
20130260
20130283
20130326
20130337
20130375
20130389
20130421
20130423
20130424
20130442
20130443
20130448
20130453
20130481
20130482
20130483
20130501
20130522
20130541
20130542
20130543
20130561
20130566
20130567
20130568
20130569
20130573
20130574
20130592
20130601
20130662
20130667
20130669
20130681
20130686
20130689
20130690
20130701
20130702
20130703
20130704
20130705
20130706
20130708
20130709
20130710
20130783
20130784
20130801
20130821
20130841
20130929
20130961
20130982
20131001
20131002
20131003
20131043
20131081
20131082
20131083
20131084
20131086
20131102
20131109
20131165
20131202
20131203
20131204
20131206
20131221
20131222
20131241
20131244
20131245
20131246
20131247
20131248
20131261
20131262
20131263
20131281
20131301
20131302
20131303
20131304
20131361
20131381
20131401
20131461
20131462
20131521
20131541
20131573
20131582
20131630
20131661
20131681
20131691
20131692
20131713
20131821
20131823
20131841
20131862
20131923
20131941
20131984
20132021
20132081
20132082
20132087
20132120
20132164
20132167
20132192
20132241
20132261
20132262
20132341
20132342
20132343
20132344
20132345
20132346
20132347
20132348
20132349
20132350
20132381
20132382
20132461
20132481
20132482
20132518
20132562
20132581
20132601
20132621
20132624
20132641
20132661
20132682
20132721
20132722
20132741
20132742
20132743
20132781
20132795
20132796
20132797
20132799
20132800
20132801
20132803
20132804
20132805
20132806
20132807
20132821
20132824
20132828
20132881
20132902
20132941
20132961
20132962
20132963
20132966
20133021
20133053
20133054
20133055
20133065
20133071
20133081
20133141
20133142
20133145
20133152
20133159
20133322
20133413
20133421
20133425
20133464
20133481
20133531
20133569
20133570
20133585
20133601
20133602
20133603
20133641
20133661
20133667
20133681
20133682
20133701
20133702
20133703
20133704
20133705
20133756
20133759
20133760
20133771
20133772
20133773
20133789
20133791
20133803
20133805
20133811
20133834
20133862
20133863
20133881
20133882
20133898
20133922
20133923
20133924
20133955
20133965
20133967
20133980
20133981
20134001
20134004
20134005
20134027
20134028
20134041
20134042
20134044
20134046
20134047
20134061
20134062
20134066
20134068
20134069
20134070
20134072
20134073
20134082
20134083
20134102
20134103
20134104
20134121
20134122
20134123
20134124
20134126
20134141
20134143
20134144
20134161
20134162
20134181
20134182
20134202
20134206
20134222
20134233
20134244
20134267
20134268
20134269
20134271
20134272
20134288
20134341
20134357
20134358
20134360
20134362
20134370
20134374
20134381
20134382
20134388
20134407
20134413
20134414
20134415
20134417
20134436
20134457
20134462
20134474
20134484
20134485
20134501
20134502
20134512
20134532
20134533
20134534
20134562
20134581
20134582
20134583
20134585
20134586
20134587
20134588
20134589
20134590
20134591
20134592
20134594
20134601
20134602
20134603
20134606
20134609
20134621
20134645
20134651
20134658
20134681
20134694
20134701
20134702
20134703
20134704
20134705
20134726
20134741
20134742
20134744
20134745
20134776
20134789
20134798
20134799
20134800
20134801
20134803
20134804
20134813
20134836
20134861
20134869
20134874
20134877
20134927
20134933
20134962
20134983
20134984
20135001
20135088
20135114
20135141
20135142
20135207
20135221
20135241
20135242
20135264
20135275
20135278
20135280
20135343
20135362
20135365
20135366
20135367
20135368
20135369
20135370
20135383
20135386
20135401
20135402
20135405
20135426
20135427
20135428
20135443
20135462
20135463
20135464
20135502
20135503
20135504
20135505
20135521
20135534
20135541
20135542
20135543
20135544
20135545
20135581
20135582
20135584
20135585
20135586
20135602
20135626
20135636
20135642
20135656
20135657
20135661
20135743
20135745
20135764
20135765
20135766
20135767
20135770
20135800
20135829
20135837
20135838
20135891
20135898
20135907
20135915
20135922
20135941
20135942
20135943
20135946
20135956
20135959
20135970
20136000
20136007
20136016
20136018
20136022
20136041
20136043
20136049
20136052
20136057
20136058
20136059
20136060
20136061
20136062
20136063
20136064
20136068
20136098
20136132
20136138
20136170
20136202
20136203
20136219
20136223
20136243
20136265
20136281
20136288
20136289
20136290
20136292
20136294
20136295
20136298
20136301
20136302
20136307
20136308
20136312
20136321
20136330
20136331
20136332
20136333
20136337
20136341
20136342
20136355
20136441
20136445
20136450
20136492
20136498
20136509
20136525
20136526
20136527
20136528
20136544
20136546
20136548
20136558
20136559
20136560
20136561
20136562
20136565
20136566
20136567
20136575
20136577
20136578
20136586
20136615
20136621
20136643
20136661
20136662
20136682
20136689
20136704
20136736
20136738
20136739
20136740
20136741
20136742
20136743
20136761
20136781
20136782
20136783
20136789
20136791
20136798
20136800
20136802
20136803
20136805
20136806
20136807
20136810
20136812
20136814
20136853
20136857
20136860
20136861
20136862
20136863
20136864
20136865
20136866
20136869
20136887
20136888
20136891
20136892
20136894
20136910
20136917
20136918
20136919
20136920
20136921
20136924
20136925
20136926
20136928
20136929
20136935
20136947
20136961
20136962
20136968
20136984
20136985
20136991
20136998
20137011
20137021
20137028
20137041
20137043
20137044
20137048
20137061
20137070
20137076
20137077
20137081
20137082
20137102
20137103
20137121
20137164
20137165
20137181
20137182
20137201
20137202
20137221
20137222
20137241
20137332
20137373
20137422
20137426
20137441
20137468
20137522
20137525
20137526
20137541
20137542
20137543
20137546
20137549
20137550
20137561
20137562
20137564
20137584
20137585
20137621
20137644
20137692
20137706
20137713
20137721
20137722
20137741
20137763
20137769
20137786
20137788
20137809
20137811
20137815
20137861
20137862
20137863
20137864
20137865
20137866
20137902
20137961
20137963
20137965
20137981
20138061
20138101
20138102
20138103
20138125
20138126
20138141
20138161
20138162
20138181
20138183
20138185
20138186
20138201
20138202
20138221
20138222
20138223
20138224
20138226
20138241
20138272
20138314
20138322
20138324
20138325
20138331
20138347
20138350
20138355
20138401
20138402
20138404
20138421
20138441
20138461
20138481
20138482
20138483
20138501
20138502
20138542
20138543
20138544
20138563
20138581
20138582
20138583
20138604
20138605
20138607
20138608
20138621
20138623
20138632
20138635
20138636
20138637
20138641
20138681
20138683
20138684
20138685
20138686
20138687
20138692
20138693
20138694
20138696
20138703
20138705
20138709
20138712
20138734
20138782
20138783
20138813
20138838
20138861
20138881
20138882
20138884
20138922
20138931
20138933
20138935
20138936
20138941
20138947
20138949
20138950
20138951
20138953
20138962
20138982
20139042
20139043
20139064
20139072
20139081
20139083
20139121
20139141
20139162
20139164
20139181
20139183
20139201
20139221
20139222
20139243
20139261
20139263
20139264
20139265
20139363
20139383
20139401
20139402
20139403
20139422
20139441
20139461
20139463
20139490
20139492
20139542
20139544
20139545
20139550
20139551
20139552
20139554
20139561
20139562
20139569
20139601
20139623
20139624
20139625
20139626
20139701
20139723
20139724
20139801
20139821
20139822
20139823
20139824
20139825
20139826
20139842
20139861
20139862
20139881
20139941
20139964
20139981
20140063
20140081
20140088
20140089
20140090
20140091
20140092
20140093
20140096
20140098
20140110
20140112
20140118
20140119
20140121
20140125
20140128
20140144
20140145
20140163
20140164
20140173
20140174
20140181
20140182
20140186
20140187
20140188
20140190
20140191
20140193
20140194
20140195
20140196
20140207
20140222
20140226
20140241
20140245
20140247
20140248
20140250
20140253
20140254
20140256
20140281
20140341
20140401
20140402
20140424
20140425
20140426
20140427
20140428
20140431
20140443
20140444
20140447
20140448
20140449
20140450
20140456
20140458
20140459
20140461
20140493
20140522
20140524
20140541
20140561
20140562
20140563
20140602
20140609
20140630
20140634
20140694
20140703
20140704
20140723
20140730
20140762
20140823
20140842
20140861
20140864
20140865
20140901
20140922
20140929
20141001
20141002
20141027
20141028
20141060
20141061
20141081
20141085
20141088
20141101
20141107
20141108
20141109
20141110
20141111
20141112
20141113
20141114
20141131
20141132
20141142
20141159
20141206
20141224
20141261
20141281
20141321
20141322
20141383
20141384
20141401
20141408
20141421
20141422
20141423
20141441
20141504
20141505
20141521
20141543
20141544
20141561
20141583
20141589
20141591
20141598
20141602
20141606
20141607
20141608
20141609
20141610
20141611
20141612
20141613
20141614
20141621
20141681
20141701
20141702
20141703
20141704
20141705
20141706
20141746
20141776
20141781
20141783
20141808
20141821
20141862
20141881
20141901
20141946
20141947
20141952
20141953
20141961
20141962
20141963
20142021
20142023
20142068
20142069
20142083
20142084
20142110
20142129
20142130
20142141
20142142
20142182
20142221
20142241
20142261
20142282
20142301
20142321
20142322
20142341
20142381
20142401
20142402
20142403
20142406
20142407
20142421
20142422
20142441
20142443
20142481
20142503
20142523
20142561
20142581
20142621
20142623
20142624
20142641
20142661
20142690
20142701
20142706
20142732
20142741
20142771
20142778
20142798
20142812
20142843
20142844
20142854
20142855
20142856
20142857
20142881
20142884
20142962
20142964
20143021
20143045
20143081
20143101
20143181
20143250
20143252
20143253
20143261
20143281
20143282
20143284
20143285
20143309
20143314
20143315
20143325
20143343
20143344
20143382
20143393
20143414
20143422
20143502
20143509
20143510
20143511
20143512
20143513
20143541
20143542
20143543
20143564
20143565
20143566
20143570
20143571
20143572
20143573
20143574
20143580
20143602
20143639
20143640
20143641
20143642
20143666
20143667
20143689
20143706
20143717
20143718
20143720
20143721
20143722
20143723
20143724
20143725
20143726
20143727
20143747
20143750
20143752
20143753
20143754
20143764
20143767
20143769
20143901
20143921
20143922
20143941
20143942
20143961
20143983
20143985
20144001
20144102
20144121
20144183
20144191
20144241
20144242
20144257
20144281
20144321
20144322
20144323
20144324
20144361
20144362
20144422
20144441
20144442
20144444
20144461
20144481
20144482
20144507
20144521
20144522
20144523
20144532
20144582
20144601
20144621
20144641
20144642
20144682
20144683
20144701
20144721
20144729
20144741
20144762
20144781
20144801
20144881
20144927
20144935
20144937
20144943
20144961
20145021
20145041
20145042
20145083
20145085
20145101
20145102
20145103
20145124
20145141
20145142
20145161
20145167
20145168
20145169
20145170
20145171
20145182
20145202
20145203
20145242
20145259
20145262
20145281
20145301
20145361
20145393
20145395
20145396
20145401
20145402
20145461
20145462
20145463
20145464
20145481
20145482
20145486
20145501
20145502
20145503
20145504
20145506
20145507
20145521
20147088
20147096
20147102
20147107
20147108
20147109
20147111
20147129
20147130
20147161
20147176
20147198
20147233
20147247
20147248
20147250
20147254
20147256
20147257
20147282
20147283
20147284
20147299
20147301
20147302
20147317
20147372
20147379
20147387
20147407
20147430
20147432
20147447
20147451
20147467
20147473
20147509
20147527
20147554
20147557
20147558
20147559
20147560
20147565
20147567
20147584
20147608
20147609
20147610
20147612
20147613
20147616
20147625
20147643
20147644
20147645
20147649
20147669
20147677
20147678
20147679
20147681
20147683
20147684
20147685
20147687
20147689
20147690
20147691
20147693
20147694
20147695
20147707
20147710
20147720
20147723
20147727
20147728
20147767
20147769
20147787
20147788
20147790
20147795
20147796
20147797
20147803
20147805
20147818
20147847
20147848
20147851
20147856
20147871
20147872
20147874
20147880
20147881
20147883
20147885
20147898
20147899
20147900
20147901
20147902
20147904
20147908
20147909
20147917
20147927
20147928
20147929
20147930
20147931
20147947
20147948
20147950
20147952
20147953
20147954
20147967
20147968
20147969
20147970
20147971
20147987
20148007
20148009
20148010
20148031
20148048
20148067
20148068
20148071
20148090
20148128
20148129
20148131
20148132
20148167
20148168
20148188
20148208
20148210
20148211
20148212
20148213
20148228
20148232
20148234
20148236
20148276
20148277
20148288
20148347
20148367
20148368
20148369
20148370
20148371
20148372
20148381
20148383
20148384
20148385
20148386
20148387
20148388
20148413
20148415
20148417
20148418
20148421
20148424
20148439
20148440
20148441
20148447
20148449
20148456
20148457
20148458
20148460
20148461
20148462
20148492
20148493
20148494
20148518
20148534
20148535
20148551
20148553
20148587
20148588
20148602
20148603
20148605
20148607
20148615
20148619
20148620
20148623
20148625
20148626
20148627
20148628
20148629
20148631
20148632
20148634
20148648
20148667
20148668
20148670
20148675
20148676
20148681
20148685
20148686
20148687
20148688
20148690
20148695
20148696
20148711
20148714
20148727
20148728
20148743
20148745
20148746
20148748
20148750
20148751
20148756
20148762
20148795
20148801
20148807
20148810
20148814
20148818
20148826
20148829
20148830
20148834
20148835
20148837
20148839
20148840
20148841
20148842
20148843
20148844
20148845
20148846
20148847
20148848
20148849
20148851
20148853
20148855
20148860
20148877
20148878
20148901
20148902
20148903
20148906
20148927
20148929
20148967
20148973
20148976
20148982
20148994
20148995
20148996
20148997
20149008
20149016
20149020
20149037
20149047
20149048
20149055
20149059
20149060
20149061
20149062
20149066
20149097
20149099
20149120
20149125
20149127
20149128
20149129
20149135
20149138
20149140
20149141
20149147
20149155
20149188
20149219
20149248
20149257
20149258
20149259
20149264
20149265
20149266
20149269
20149270
20149271
20149282
20149284
20149286
20149287
20149288
20149289
20149292
20149296
20149298
20149299
20149307
20149308
20149311
20149312
20149313
20149314
20149317
20149343
20149344
20149347
20149348
20149349
20149356
20149357
20149371
20149372
20149374
20149375
20149377
20149378
20149379
20149384
20149388
20149394
20149397
20149401
20149409
20149411
20149415
20149421
20149432
20149441
20149442
20149451
20149457
20149459
20149460
20149462
20149463
20149491
20149494
20149495
20149496
20149499
20149511
20149514
20149518
20149520
20149528
20149536
20149540
20149541
20149542
20149567
20149568
20149569
20149570
20149571
20149591
20149629
20149640
20149667
20149668
20149698
20149699
20149714
20149715
20149727
20149728
20149729
20149730
20149736
20149737
20149740
20149756
20149758
20149767
20149768
20149769
20149770
20149771
20149796
20149809
20149811
20149818
20149819
20149830
20149831
20149838
20149839
20149841
20149846
20149859
20149860
20149861
20149876
20149878
20149909
20149910
20149914
20149930
20149931
20149938
20149939
20149948
20149950
20149951
20149952
20149961
20149962
20149970
20149978
20149980
20149984
20150012
20150020
20150024
20150025
20150061
20150104
20150150
20150152
20150155
20150203
20150255
20150258
20150301
20150323
20150324
20150325
20150326
20150329
20150330
20150331
20150341
20150385
20150453
20150456
20150458
20150461
20150470
20150481
20150501
20150522
20150523
20150562
20150563
20150564
20150565
20150566
20150567
20150601
20150603
20150604
20150622
20150661
20150666
20150703
20150721
20150725
20150741
20150744
20150751
20150752
20150753
20150762
20150782
20150801
20150802
20150822
20150831
20150838
20150841
20150862
20150863
20150864
20150901
20150902
20150903
20150921
20150941
20150942
20150943
20150962
20150963
20150964
20150966
20150968
20150970
20150971
20150972
20150975
20150977
20150979
20150980
20150982
20151002
20151003
20151004
20151005
20151021
20151022
20151063
20151111
20151141
20151181
20151201
20151202
20151224
20151225
20151226
20151227
20151228
20151229
20151230
20151302
20151321
20151330
20151381
20151382
20151383
20151401
20151421
20151422
20151481
20151482
20151521
20151601
20151623
20151641
20151643
20151661
20151721
20151723
20151725
20151782
20151783
20151784
20151801
20151802
20151803
20151815
20151821
20151841
20151861
20151881
20151884
20151885
20151901
20151941
20151943
20151944
20151945
20151962
20151964
20152001
20152022
20152041
20152044
20152062
20152064
20152105
20152121
20152182
20152209
20152223
20152261
20152264
20152279
20152289
20152321
20152331
20152334
20152337
20152340
20152343
20152368
20152369
20152370
20152371
20152372
20152402
20152441
20152482
20152541
20152582
20152641
20152642
20152745
20152746
20152762
20152781
20152782
20152801
20152866
20152869
20152870
20152871
20152881
20152922
20152962
20152963
20152981
20153001
20153022
20153023
20153024
20153025
20153037
20153039
20153061
20153072
20153077
20153083
20153084
20153087
20153102
20153107
20153161
20153166
20153182
20153185
20153188
20153190
20153192
20153199
20153201
20153282
20153284
20153303
20153306
20153307
20153311
20153313
20153316
20153317
20153361
20153385
20153401
20153422
20153443
20153444
20153450
20153470
20153503
20153521
20153522
20153535
20153536
20153537
20153538
20153563
20153565
20153617
20153646
20153702
20153741
20153761
20153781
20153801
20153802
20153803
20153821
20153841
20153863
20153981
20153982
20154001
20154081
20154141
20154161
20154162
20154163
20154207
20154241
20154242
20154243
20154263
20154281
20154301
20154323
20154342
20154343
20154346
20154383
20154427
20154428
20154429
20154451
20154484
20154521
20154601
20154605
20154621
20154661
20154674
20154729
20154730
20154732
20154734
20154740
20154780
20154802
20154803
20154805
20154807
20154861
20154862
20154881
20154902
20154905
20154906
20154909
20154910
20154942
20154944
20154945
20155010
20155020
20155021
20155022
20155042
20155054
20155057
20155101
20155174
20155201
20155202
20155221
20155223
20155224
20155241
20155245
20155249
20155260
20155272
20155273
20155274
20155275
20155276
20155277
20155282
20155283
20155301
20155321
20155322
20155324
20155335
20155381
20155382
20155385
20155386
20155387
20155388
20155389
20155390
20155391
20155422
20155423
20155441
20155473
20155483
20155485
20155486
20155489
20155491
20155492
20155501
20155535
20155536
20155537
20155547
20155562
20155563
20155601
20155602
20155639
20155646
20155683
20155690
20155700
20155702
20155725
20155736
20155738
20155740
20155743
20155744
20155748
20155750
20155761
20155762
20155763
20155805
20155823
20155826
20155845
20155874
20155879
20155881
20155923
20155925
20155926
20155927
20156007
20156047
20156049
20156050
20156062
20156063
20156080
20156082
20156083
20156101
20156102
20156161
20156166
20156188
20156207
20156241
20156242
20156250
20156275
20156281
20156301
20156321
20156322
20156323
20156352
20156353
20156354
20156360
20156362
20156383
20156385
20156401
20156402
20156441
20156491
20156498
20156547
20156548
20156549
20156550
20156551
20156552
20156553
20156557
20156559
20156562
20156564
20156570
20156629
20156643
20156644
20156663
20156681
20156704
20156708
20156709
20156720
20156730
20156732
20156736
20156747
20156748
20156749
20156754
20156755
20156762
20156801
20156807
20156824
20156841
20156870
20156902
20156904
20156907
20156923
20156925
20156942
20156961
20156962
20156963
20156967
20156969
20156970
20156973
20156977
20156981
20156982
20157001
20157021
20157022
20157023
20157024
20157041
20157042
20157061
20157064
20157065
20157096
20157105
20157121
20157155
20157158
20157163
20157175
20157176
20157191
20157197
20157205
20157215
20157216
20157217
20157221
20157223
20157292
20157357
20157358
20157367
20157394
20157421
20157431
20157432
20157434
20157441
20157464
20157465
20157466
20157501
20157503
20157531
20157552
20157561
20157562
20157569
20157584
20157586
20157587
20157588
20157591
20157602
20157603
20157624
20157628
20157629
20157631
20157686
20157687
20157702
20157781
20157782
20157784
20157881
20157883
20157904
20157986
20157998
20158002
20158004
20158005
20158006
20158019
20158020
20158022
20158042
20158044
20158061
20158062
20158068
20158069
20158076
20158082
20158091
20158141
20158143
20158144
20158145
20158146
20158150
20158161
20158182
20158184
20158192
20158201
20158203
20158231
20158232
20158233
20158234
20158235
20158236
20158240
20158241
20158242
20158283
20158345
20158346
20158358
20158359
20158385
20158386
20158387
20158401
20158403
20158405
20158407
20158428
20158439
20158461
20158481
20158482
20158483
20158484
20158485
20158492
20158502
20158504
20158518
20158529
20158561
20158595
20158596
20158621
20158622
20158643
20158644
20158670
20158682
20158701
20158702
20158703
20158704
20158705
20158741
20158742
20158743
20158744
20158745
20158762
20158771
20158795
20158797
20158798
20158799
20158806
20158821
20158822
20158824
20158833
20158836
20158841
20158881
20158882
20158883
20158884
20158885
20158886
20158887
20158888
20158889
20158901
20158902
20158903
20158904
20158905
20158909
20158910
20158911
20158942
20158943
20158949
20158951
20158962
20158963
20158964
20158967
20158971
20158981
20158982
20158984
20159001
20159002
20159041
20159042
20159058
20159059
20159063
20159064
20159101
20159123
20159141
20159161
20159162
20159191
20159199
20159206
20159221
20159223
20159224
20159226
20159286
20159301
20159307
20159311
20159364
20159382
20159404
20159421
20159422
20159427
20159428
20159442
20159445
20159447
20159506
20159507
20159510
20159521
20159573
20159582
20159622
20159623
20159624
20159627
20159641
20159643
20159644
20159645
20159646
20159647
20159648
20159655
20159657
20159686
20159705
20159748
20159754
20159759
20159760
20159765
20159772
20159773
20159901
20159965
20160021
20160041
20160068
20160097
20160129
20160141
20160142
20160143
20160203
20160221
20160222
20160223
20160261
20160401
20160443
20160461
20160463
20160464
20160465
20160472
20160477
20160483
20160484
20160503
20160504
20160510
20160644
20160645
20160681
20160741
20160743
20160746
20160761
20160781
20160821
20160841
20160862
20160864
20160871
20160876
20160881
20160941
20160942
20161021
20161082
20161083
20161084
20161085
20161141
20161162
20161165
20161167
20161188
20161201
20161286
20161287
20161323
20161342
20161364
20161366
20161382
20161383
20161407
20161461
20161462
20161468
20161481
20161502
20161524
20161527
20161561
20161566
20161569
20161583
20161584
20161587
20161588
20161589
20161594
20161598
20161603
20161604
20161605
20161630
20161662
20161665
20161694
20161695
20161696
20161697
20161698
20161701
20161703
20161715
20161716
20161721
20161722
20161723
20161725
20161726
20161744
20161745
20161761
20161763
20161781
20161783
20161784
20161785
20161788
20161789
20161790
20161791
20161796
20161799
20161801
20161805
20161806
20161821
20161827
20161842
20161843
20161870
20161872
20161881
20161905
20161907
20161910
20161911
20161921
20161922
20161923
20161941
20161961
20161964
20161968
20161971
20161974
20161976
20161977
20161979
20162001
20162002
20162004
20162005
20162009
20162021
20162022
20162024
20162025
20162026
20162042
20162052
20162053
20162054
20162055
20162063
20162065
20162071
20162073
20162088
20162101
20162109
20162121
20162122
20162145
20162147
20162161
20162181
20162183
20162201
20162205
20162206
20162207
20162221
20162222
20162225
20162226
20162227
20162242
20162244
20162245
20162246
20162283
20162293
20162299
20162300
20162321
20162343
20162365
20162381
20162382
20162404
20162421
20162424
20162431
20162432
20162442
20162461
20162467
20162468
20162481
20162484
20162485
20162487
20162496
20162499
20162501
20162503
20162504
20162512
20162521
20162526
20162541
20162542
20162545
20162546
20162564
20162568
20162569
20162572
20162581
20162585
20162607
20162608
20162609
20162621
20162627
20162629
20162661
20162662
20162681
20162684
20162701
20162704
20162721
20162722
20162727
20162762
20162765
20162787
20162829
20162844
20162846
20162852
20162869
20162871
20162873
20162881
20162902
20162924
20162925
20162926
20162927
20162928
20162941
20162962
20162963
20162967
20162968
20162969
20162970
20162971
20162972
20162982
20163011
20163012
20163013
20163014
20163017
20163018
20163019
20163020
20163041
20163043
20163045
20163049
20163057
20163058
20163063
20163081
20163082
20163098
20163099
20163107
20163121
20163122
20163123
20163124
20163128
20163137
20163152
20163155
20163163
20163164
20163174
20163181
20163182
20163183
20163184
20163185
20163186
20163189
20163194
20163195
20163196
20163199
20163200
20163201
20163202
20163215
20163216
20163217
20163218
20163220
20163251
20163258
20163285
20163294
20163305
20163314
20163319
20163321
20163322
20163323
20163350
20163352
20163361
20163364
20163365
20163366
20163374
20163411
20163441
20163443
20163444
20163464
20163521
20163522
20163523
20163577
20163580
20163603
20163661
20163665
20163669
20163701
20163702
20163703
20163721
20163743
20163747
20163748
20163761
20163765
20163784
20163803
20163822
20163823
20163824
20163841
20163845
20163856
20163878
20163881
20163884
20163887
20163903
20163906
20163961
20163962
20163963
20163981
20163990
20163995
20164001
20164002
20164021
20164041
20164062
20164064
20164094
20164105
20164125
20164127
20164129
20164130
20164133
20164134
20164140
20164145
20164156
20164158
20164162
20164169
20164171
20164173
20164198
20164203
20164204
20164281
20164303
20164304
20164321
20164322
20164323
20164381
20164382
20164383
20164384
20164387
20164388
20164390
20164403
20164404
20164421
20164461
20164485
20164501
20164521
20164526
20164527
20164541
20164582
20164621
20164626
20164641
20164642
20164643
20164645
20164649
20164662
20164721
20164741
20164746
20164747
20164765
20164825
20164826
20164829
20164844
20164845
20164852
20164855
20164857
20164859
20164873
20164874
20164926
20164927
20164928
20164941
20164942
20164943
20164947
20164948
20164951
20164961
20164981
20165041
20165042
20165061
20165062
20165066
20165068
20165069
20165071
20165072
20165074
20165075
20165076
20165126
20165130
20165141
20165144
20165152
20165153
20165201
20165203
20165231
20165261
20165263
20165281
20165284
20165285
20165287
20165322
20165344
20165367
20165371
20165375
20165381
20165401
20165423
20165443
20165463
20165464
20165502
20165504
20165521
20165524
20165543
20165561
20165562
20165662
20165724
20165745
20165746
20165785
20165801
20165822
20165843
20165861
20165862
20165925
20165927
20165941
20165961
20165972
20165981
20166023
20166041
20166077
20166101
20166127
20166128
20166130
20166146
20166163
20166165
20166168
20166172
20166241
20166261
20166323
20166361
20166362
20166363
20166384
20166401
20166403
20166421
20166422
20166441
20166462
20166464
20166468
20166488
20166520
20166541
20166542
20166543
20166544
20166546
20166664
20166707
20166721
20166783
20166826
20166845
20166882
20166901
20166903
20166909
20166912
20166967
20167005
20167041
20167082
20167102
20167127
20167148
20167150
20167154
20167159
20167181
20167185
20167203
20167245
20167261
20167281
20167284
20167285
20167286
20167301
20167303
20167324
20167362
20167363
20167364
20167481
20167541
20167542
20167562
20167563
20167567
20167628
20167635
20167642
20167643
20167644
20167645
20167661
20167689
20167713
20167716
20167723
20167821
20167829
20167839
20167843
20167861
20167862
20167864
20167867
20167901
20167902
20167904
20167905
20167906
20167907
20167922
20167968
20167982
20167986
20168041
20168083
20168085
20168086
20168087
20168088
20168089
20168090
20168104
20168125
20168126
20168146
20168148
20168149
20168154
20168182
20168183
20168201
20168232
20168233
20168246
20168261
20168324
20168341
20168342
20168361
20168365
20168366
20168381
20168401
20168446
20168462
20168501
20168523
20168592
20168595
20168609
20168611
20168612
20168624
20168643
20168664
20168667
20168668
20168669
20168684
20168688
20168689
20168710
20168711
20168721
20168722
20168742
20168746
20168747
20168750
20168764
20168769
20168781
20168782
20168807
20168822
20168842
20168863
20168883
20168885
20168891
20169028
20169034
20169105
20169122
20169123
20169127
20169266
20169269
20169270
20169348
20169366
20169383
20169425
20169427
20169443
20169464
20169603
20169686
20169728
20169730
20169764
20169907
20169986
20170002
20170024
20170124
20170163
20170169
20170185
20170221
20170241
20170263
20170321
20170342
20170365
20170366
20170381
20170382
20170383
20170421
20170509
20170510
20170511
20170531
20170586
20170587
20170602
20170603
20170605
20170623
20170624
20170625
20170642
20170646
20170652
20170653
20170656
20170741
20170761
20170787
20170861
20170921
20170941
20170982
20170983
20171062
20171121
20171141
20171281
20171381
20171384
20171501
20171522
20171661
20171781
20171801
20172001
20172122
20172125
20172161
20172201
20172241
20172262
20172307
20172381
20172401
20172444
20172522
20172541
20172601
20172641
20172741
20172802
20172821
20172822
20172861
20172863
20172921
20172941
20173001
20173061
20173121
20173181
20173301
20173302
20173321
20173383
20173384
20173402
20173403
20173423
20173428
20173444
20173451
20173463
20173481
20173482
20173484
20173501
20173503
20173504
20173561
20173601
20173642
20173661
20173690
20173721
20173833
20173881
20173923
20173929
20173961
20174023
20174061
20174062
20174063
20174064
20174065
20174081
20174164
20174165
20174182
20174241
20174243
20174261
20174281
20174282
20174324
20174325
20174341
20174423
20174424
20174461
20174482
20174501
20174561
20174562
20174581
20174602
20174642
20174644
20174701
20174721
20174741
20174761
20174782
20174801
20174803
20174821
20174841
20174921
20174961
20174962
20175021
20175042
20175047
20175102
20175122
20175142
20175184
20175204
20175242
20175262
20175263
20175423
20175461
20175501
20175502
20175521
20175522
20175581
20175601
20175662
20175722
20175810
20175821
20175841
20175922
20175926
20175942
20175981
20175982
20176041
20176061
20176102
20176141
20176167
20176201
20176231
20176232
20176345
20176421
20176511
20176561
20176562
20176581
20176666
20176682
20176683
20176715
20176717
20176741
20176766
20176781
20176783
20176802
20176803
20176807
20176821
20176823
20176825
20176901
20176961
20176962
20176963
20176983
20177041
20177081
20177101
20177181
20177202
20177203
20177223
20177281
20177361
20177362
20177501
20177523
20177524
20177525
20177527
20177528
20177531
20177533
20177543
20177544
20177545
20177546
20177547
20177548
20177549
20177550
20177601
20177681
20177701
20177761
20177801
20178061
20178121
20178141
20178181
20178184
20178221
20178321
20178521
20178561
20178603
20178641
20178642
20178646
20178703
20178721
20178762
20178801
20178863
20178881
20178921
20178922
20178942
20178964
20178970
20178982
20179001
20179002
20179068
20179162
20179187
20179245
20179281
20179302
20179303
20179323
20179382
20179442
20179481
20179521
20179561
20179562
20179662
20179694
20179732
20179807
20179829
20179862
20179887
20179888
20179889
20179901
20179936
20179961
20179982
20179983
20179984
2009A362
2009A382
2009A893
2009B123
2009B424
2010A057
2010A522
2010A742
2010A873
2010G561